ratio: 0.5
avg: 0.9719642857142858  with len=7
apd: 0.9762500000000001
as: 0.9975
aTempO: 0.98875
fpd: 0.9000000000000001
fs: 0.9687499999999998
fTempO: 0.9724999999999998
p: 1.0

