ratio: 0.65
avg: -4999.515535714286  with len=7
apd: -4999.514999999999
as: -4999.5
aTempO: -4999.50625
fpd: -4999.55
fs: -4999.515
fTempO: -4999.5225
p: -4999.5

