ratio: 0.5
avg: 0.9689285714285714  with len=7
apd: 0.9687499999999999
as: 0.99875
aTempO: 0.98875
fpd: 0.9000000000000001
fs: 0.9699999999999998
fTempO: 0.95625
p: 1.0

