ratio: 0.85
avg: 0.9719642857142857  with len=7
apd: 0.98
as: 0.99875
aTempO: 0.99
fpd: 0.9000000000000001
fs: 0.9687499999999998
fTempO: 0.9662499999999999
p: 1.0

