ratio: 0.85
avg: 0.969107142857143  with len=7
apd: 0.9699999999999999
as: 1.0
aTempO: 0.99
fpd: 0.9000000000000001
fs: 0.9674999999999998
fTempO: 0.95625
p: 1.0

