ratio: 0.5
avg: 0.9698214285714286  with len=7
apd: 0.9750000000000001
as: 1.0
aTempO: 0.9875
fpd: 0.9000000000000001
fs: 0.9699999999999998
fTempO: 0.9562499999999999
p: 1.0

