ratio: 0.65
avg: 0.9721428571428571  with len=7
apd: 0.9775
as: 0.99875
aTempO: 0.98875
fpd: 0.9000000000000001
fs: 0.9687499999999998
fTempO: 0.9712499999999998
p: 1.0

