ratio: 0.35
avg: 0.9710714285714286  with len=7
apd: 0.9725000000000001
as: 0.99125
aTempO: 0.99
fpd: 0.9000000000000001
fs: 0.9699999999999998
fTempO: 0.97375
p: 1.0

