ratio: 0.65
avg: 0.9685714285714285  with len=7
apd: 0.9687499999999999
as: 0.99875
aTempO: 0.9900000000000001
fpd: 0.9000000000000001
fs: 0.9674999999999998
fTempO: 0.9550000000000001
p: 1.0

