ratio: 0.15
avg: 0.9564285714285715  with len=7
apd: 0.98125
as: 0.87375
aTempO: 0.9925000000000002
fpd: 0.9000000000000001
fs: 0.9699999999999998
fTempO: 0.9775
p: 1.0

