ratio: 0.35
avg: 0.9685714285714285  with len=7
apd: 0.9724999999999998
as: 0.99875
aTempO: 0.9862500000000001
fpd: 0.9000000000000001
fs: 0.9699999999999998
fTempO: 0.9525
p: 1.0

