ratio: 0.15
avg: 0.9689285714285714  with len=7
apd: 0.9699999999999999
as: 1.0
aTempO: 0.9875
fpd: 0.9000000000000001
fs: 0.9699999999999998
fTempO: 0.9550000000000001
p: 1.0

