ratio: 0.65
avg: 0.9542857142857143  with len=7
apd: 0.94
as: 0.985
aTempO: 0.98
fpd: 0.87
fs: 0.9650000000000001
fTempO: 0.94
p: 1.0

