ratio: 0.85
avg: 0.9435714285714286  with len=7
apd: 0.94
as: 0.985
aTempO: 0.975
fpd: 0.825
fs: 0.935
fTempO: 0.9450000000000001
p: 1.0

