ratio: 0.65
avg: 0.87  with len=7
apd: 0.935
as: 0.8700000000000001
aTempO: 0.965
fpd: 0.58
fs: 0.82
fTempO: 0.9199999999999999
p: 1.0

