ratio: 0.35
avg: 0.8714285714285713  with len=7
apd: 0.935
as: 0.8700000000000001
aTempO: 0.965
fpd: 0.58
fs: 0.82
fTempO: 0.9299999999999999
p: 1.0

