ratio: 0.15
avg: 0.8521428571428571  with len=7
apd: 0.94
as: 0.725
aTempO: 0.97
fpd: 0.58
fs: 0.82
fTempO: 0.9299999999999999
p: 1.0

