ratio: 0.65
avg: 0.9710714285714285  with len=7
apd: 0.9550000000000001
as: 1.0
aTempO: 0.98
fpd: 0.9249999999999999
fs: 0.99
fTempO: 0.9575
p: 0.99

