ratio: 0.35
avg: 0.9714285714285713  with len=7
apd: 0.965
as: 1.0
aTempO: 0.98
fpd: 0.9249999999999999
fs: 0.99
fTempO: 0.96
p: 0.98

