ratio: 0.65
avg: 0.9699999999999999  with len=7
apd: 0.95
as: 1.0
aTempO: 0.9774999999999999
fpd: 0.9275
fs: 0.99
fTempO: 0.965
p: 0.98

