ratio: 0.85
avg: 0.9749999999999999  with len=7
apd: 0.97
as: 1.0
aTempO: 0.9850000000000001
fpd: 0.945
fs: 0.99
fTempO: 0.965
p: 0.97

