ratio: 0.65
avg: 0.9707142857142858  with len=7
apd: 0.97
as: 1.0
aTempO: 0.9774999999999999
fpd: 0.9249999999999999
fs: 0.99
fTempO: 0.9524999999999999
p: 0.98

