ratio: 0.5
avg: 0.9721428571428572  with len=7
apd: 0.9550000000000001
as: 1.0
aTempO: 0.9825
fpd: 0.9249999999999999
fs: 0.99
fTempO: 0.9575
p: 0.9950000000000001

