ratio: 0.85
avg: 0.9689285714285713  with len=7
apd: 0.95
as: 1.0
aTempO: 0.9774999999999999
fpd: 0.9249999999999999
fs: 0.99
fTempO: 0.96
p: 0.98

