ratio: 0.5
avg: 0.9789285714285716  with len=7
apd: 0.97
as: 1.0
aTempO: 0.99
fpd: 0.9500000000000001
fs: 0.99
fTempO: 0.9724999999999999
p: 0.98

