ratio: 0.15
avg: -4999.515357142857  with len=7
apd: -4999.525
as: -4999.5
aTempO: -4999.51
fpd: -4999.537499999999
fs: -4999.505
fTempO: -4999.52
p: -4999.51

