ratio: 0.5
avg: 0.9717857142857144  with len=7
apd: 0.97
as: 1.0
aTempO: 0.98
fpd: 0.9249999999999999
fs: 0.99
fTempO: 0.9575
p: 0.98

