ratio: 0.85
avg: 0.9699999999999999  with len=7
apd: 0.97
as: 1.0
aTempO: 0.9749999999999999
fpd: 0.9249999999999999
fs: 0.99
fTempO: 0.95
p: 0.98

