ratio: 0.15
avg: 0.9010714285714287  with len=7
apd: 0.97
as: 0.5
aTempO: 0.98
fpd: 0.9249999999999999
fs: 0.99
fTempO: 0.9624999999999999
p: 0.98

