avg: 0.9832142857142857
apd: 0.98
as: 1.0
aTempO: 0.99
fpd: 0.9500000000000001
fs: 0.99
fTempO: 0.9724999999999999
p: 1.0

