ratio: 0.65
avg: 0.9853571428571428  with len=7
apd: 0.98
as: 0.99875
aTempO: 0.9900000000000001
fpd: 0.96
fs: 0.9912500000000002
fTempO: 0.9824999999999999
p: 0.9950000000000001

