ratio: 0.35
avg: 0.9850000000000001  with len=7
apd: 0.97875
as: 0.99875
aTempO: 0.9912500000000001
fpd: 0.96
fs: 0.9912500000000002
fTempO: 0.98
p: 0.9950000000000001

