ratio: 0.5
avg: 0.9851785714285715  with len=7
apd: 0.9850000000000001
as: 0.99375
aTempO: 0.99375
fpd: 0.96
fs: 0.9900000000000002
fTempO: 0.9787500000000001
p: 0.9950000000000001

