ratio: 0.85
avg: 0.9853571428571428  with len=7
apd: 0.99
as: 0.99875
aTempO: 0.99125
fpd: 0.96
fs: 0.9900000000000002
fTempO: 0.9724999999999999
p: 0.9950000000000001

