ratio: 0.85
avg: 0.9855357142857144  with len=7
apd: 0.98
as: 1.0
aTempO: 0.9925
fpd: 0.96
fs: 0.9900000000000002
fTempO: 0.98125
p: 0.9950000000000001

