ratio: 0.85
avg: -4999.507500000001  with len=7
apd: -4999.51
as: -4999.5
aTempO: -4999.504999999999
fpd: -4999.52
fs: -4999.505
fTempO: -4999.51
p: -4999.5025000000005

