ratio: 0.35
avg: 0.9826785714285714  with len=7
apd: 0.9800000000000002
as: 0.98125
aTempO: 0.99375
fpd: 0.96
fs: 0.9900000000000002
fTempO: 0.9787499999999999
p: 0.9950000000000001

