ratio: 0.15
avg: 0.9850000000000001  with len=7
apd: 0.98
as: 1.0
aTempO: 0.9900000000000001
fpd: 0.96
fs: 0.9900000000000002
fTempO: 0.98
p: 0.9950000000000001

