ratio: 0.35
avg: 0.9855357142857143  with len=7
apd: 0.98375
as: 0.99875
aTempO: 0.9900000000000001
fpd: 0.96
fs: 0.9900000000000002
fTempO: 0.97875
p: 0.9975

