ratio: 0.5
avg: 0.9860714285714287  with len=7
apd: 0.98875
as: 0.99875
aTempO: 0.9912500000000001
fpd: 0.96
fs: 0.9900000000000002
fTempO: 0.97875
p: 0.9950000000000001

