ratio: 0.65
avg: 0.9857142857142859  with len=7
apd: 0.98875
as: 0.9975
aTempO: 0.9925
fpd: 0.96
fs: 0.9900000000000002
fTempO: 0.9762500000000002
p: 0.9950000000000001

