ratio: 0.15
avg: 0.9694642857142858  with len=7
apd: 0.99
as: 0.87375
aTempO: 0.9925
fpd: 0.96
fs: 0.9900000000000002
fTempO: 0.985
p: 0.9950000000000001

