ratio: 0.35
avg: 0.9739285714285713  with len=7
apd: 0.97
as: 1.0
aTempO: 0.9724999999999999
fpd: 0.9400000000000001
fs: 0.99
fTempO: 0.9650000000000001
p: 0.98

