ratio: 0.85
avg: 0.9782142857142856  with len=7
apd: 0.98
as: 1.0
aTempO: 0.98
fpd: 0.9400000000000001
fs: 0.99
fTempO: 0.9624999999999999
p: 0.995

