ratio: 0.85
avg: 0.9735714285714285  with len=7
apd: 0.975
as: 1.0
aTempO: 0.9775
fpd: 0.9400000000000001
fs: 0.99
fTempO: 0.9525
p: 0.98

