ratio: 0.65
avg: 0.9803571428571428  with len=7
apd: 0.98
as: 1.0
aTempO: 0.9924999999999999
fpd: 0.9550000000000001
fs: 0.99
fTempO: 0.97
p: 0.9749999999999999

