ratio: 0.65
avg: 0.9789285714285715  with len=7
apd: 0.98
as: 1.0
aTempO: 0.9825
fpd: 0.9400000000000001
fs: 0.99
fTempO: 0.96
p: 1.0

