ratio: 0.5
avg: 0.9832142857142857  with len=7
apd: 0.98
as: 1.0
aTempO: 0.9924999999999999
fpd: 0.9600000000000001
fs: 0.99
fTempO: 0.98
p: 0.98

