ratio: 0.65
avg: 0.9735714285714285  with len=7
apd: 0.97
as: 1.0
aTempO: 0.97
fpd: 0.9400000000000001
fs: 0.99
fTempO: 0.9650000000000001
p: 0.98

