ratio: 0.15
avg: 0.9032142857142856  with len=7
apd: 0.9749999999999999
as: 0.5
aTempO: 0.98
fpd: 0.9400000000000001
fs: 0.99
fTempO: 0.9575
p: 0.98

