ratio: 0.5
avg: 0.9792857142857142  with len=7
apd: 0.9825
as: 1.0
aTempO: 0.9825
fpd: 0.9400000000000001
fs: 0.99
fTempO: 0.96
p: 1.0

