ratio: 0.15
avg: 0.9067857142857143  with len=7
apd: 0.9749999999999999
as: 0.5
aTempO: 0.98
fpd: 0.9550000000000001
fs: 0.9950000000000001
fTempO: 0.9624999999999999
p: 0.98

