ratio: 0.65
avg: 0.9832142857142857  with len=7
apd: 0.975
as: 1.0
aTempO: 0.99
fpd: 0.9675
fs: 0.9950000000000001
fTempO: 0.98
p: 0.9749999999999999

