ratio: 0.85
avg: 0.9814285714285714  with len=7
apd: 0.9750000000000001
as: 1.0
aTempO: 0.9924999999999999
fpd: 0.9675
fs: 0.9950000000000001
fTempO: 0.97
p: 0.97

