ratio: 0.5
avg: 0.9803571428571428  with len=7
apd: 0.9724999999999999
as: 1.0
aTempO: 0.9825
fpd: 0.9550000000000001
fs: 0.9950000000000001
fTempO: 0.9624999999999999
p: 0.9950000000000001

