ratio: 0.35
avg: 0.9839285714285714  with len=7
apd: 0.98
as: 1.0
aTempO: 0.99
fpd: 0.97
fs: 0.9950000000000001
fTempO: 0.9825
p: 0.97

