ratio: 0.5
avg: 0.9750000000000002  with len=7
apd: 0.97
as: 1.0
aTempO: 0.98
fpd: 0.9450000000000001
fs: 0.99
fTempO: 0.96
p: 0.98

