ratio: 0.85
avg: 0.9789285714285713  with len=7
apd: 0.9750000000000001
as: 1.0
aTempO: 0.99
fpd: 0.9575
fs: 0.99
fTempO: 0.97
p: 0.97

