ratio: 0.65
avg: 0.9753571428571429  with len=7
apd: 0.975
as: 1.0
aTempO: 0.98
fpd: 0.9450000000000001
fs: 0.99
fTempO: 0.9575
p: 0.98

