ratio: 0.85
avg: 0.9742857142857143  with len=7
apd: 0.96
as: 1.0
aTempO: 0.9775
fpd: 0.9450000000000001
fs: 0.99
fTempO: 0.9675
p: 0.98

