ratio: 0.85
avg: 0.9742857142857143  with len=7
apd: 0.97
as: 1.0
aTempO: 0.98
fpd: 0.9450000000000001
fs: 0.99
fTempO: 0.9550000000000001
p: 0.98

