ratio: 0.65
avg: 0.9810714285714285  with len=7
apd: 0.975
as: 1.0
aTempO: 0.9924999999999999
fpd: 0.9575
fs: 0.99
fTempO: 0.9775
p: 0.9749999999999999

