ratio: 0.5
avg: 0.9664285714285714  with len=7
apd: 0.9550000000000001
as: 1.0
aTempO: 0.9825
fpd: 0.8949999999999999
fs: 0.98
fTempO: 0.9575
p: 0.995

