ratio: 0.85
avg: 0.9649999999999999  with len=7
apd: 0.97
as: 1.0
aTempO: 0.9775
fpd: 0.8949999999999999
fs: 0.98
fTempO: 0.9525
p: 0.98

