ratio: 0.35
avg: 0.9657142857142856  with len=7
apd: 0.965
as: 1.0
aTempO: 0.98
fpd: 0.8949999999999999
fs: 0.98
fTempO: 0.96
p: 0.98

