ratio: 0.15
avg: 0.8953571428571429  with len=7
apd: 0.97
as: 0.5
aTempO: 0.98
fpd: 0.8949999999999999
fs: 0.98
fTempO: 0.9624999999999999
p: 0.98

