ratio: 0.85
avg: 0.9660714285714287  with len=7
apd: 0.955
as: 1.0
aTempO: 0.98
fpd: 0.8949999999999999
fs: 0.98
fTempO: 0.9624999999999999
p: 0.99

