ratio: 0.65
avg: 0.9650000000000001  with len=7
apd: 0.9674999999999999
as: 1.0
aTempO: 0.9775
fpd: 0.8949999999999999
fs: 0.98
fTempO: 0.9550000000000001
p: 0.98

