ratio: 0.85
avg: 0.9632142857142857  with len=7
apd: 0.95
as: 1.0
aTempO: 0.9775
fpd: 0.8949999999999999
fs: 0.98
fTempO: 0.96
p: 0.98

