ratio: 0.5
avg: 0.9714285714285713  with len=7
apd: 0.97
as: 1.0
aTempO: 0.99
fpd: 0.9199999999999999
fs: 0.98
fTempO: 0.9749999999999999
p: 0.9650000000000001

