ratio: 0.5
avg: 0.9642857142857143  with len=7
apd: 0.95
as: 1.0
aTempO: 0.98
fpd: 0.8949999999999999
fs: 0.98
fTempO: 0.965
p: 0.98

