ratio: 0.65
avg: 0.9699999999999999  with len=7
apd: 0.97
as: 1.0
aTempO: 0.99
fpd: 0.92
fs: 0.98
fTempO: 0.97
p: 0.9600000000000001

