ratio: 0.35
avg: 0.9721428571428571  with len=7
apd: 0.975
as: 1.0
aTempO: 0.99
fpd: 0.9225
fs: 0.98
fTempO: 0.9749999999999999
p: 0.9624999999999999

