ratio: 0.85
avg: 0.9664285714285715  with len=7
apd: 0.97
as: 1.0
aTempO: 0.9875
fpd: 0.9175
fs: 0.98
fTempO: 0.9650000000000001
p: 0.945

