avg: 0.9774999999999999
apd: 0.98
as: 1.0
aTempO: 0.99
fpd: 0.92
fs: 0.98
fTempO: 0.9724999999999999
p: 1.0

