ratio: 0.85
avg: 0.9664285714285714  with len=7
apd: 0.95
as: 0.95
aTempO: 0.9774999999999999
fpd: 0.9450000000000001
fs: 0.9924999999999999
fTempO: 0.96
p: 0.99

