ratio: 0.15
avg: 0.9514285714285714  with len=7
apd: 0.9500000000000001
as: 0.8300000000000001
aTempO: 0.98
fpd: 0.9450000000000001
fs: 0.9950000000000001
fTempO: 0.97
p: 0.99

