ratio: 0.85
avg: 0.9767857142857143  with len=7
apd: 0.9550000000000001
as: 1.0
aTempO: 0.9850000000000001
fpd: 0.96
fs: 0.9924999999999999
fTempO: 0.97
p: 0.975

