ratio: 0.35
avg: 0.9714285714285715  with len=7
apd: 0.95
as: 0.9750000000000001
aTempO: 0.9774999999999999
fpd: 0.9450000000000001
fs: 0.9950000000000001
fTempO: 0.9675
p: 0.99

