ratio: 0.35
avg: 0.9717857142857144  with len=7
apd: 0.93
as: 1.0
aTempO: 0.98
fpd: 0.9450000000000001
fs: 0.9924999999999999
fTempO: 0.9649999999999999
p: 0.99

