ratio: 0.5
avg: 0.9735714285714286  with len=7
apd: 0.9550000000000001
as: 0.9850000000000001
aTempO: 0.9774999999999999
fpd: 0.9450000000000001
fs: 0.9950000000000001
fTempO: 0.9675
p: 0.99

