ratio: 0.65
avg: 0.9714285714285714  with len=7
apd: 0.96
as: 0.97
aTempO: 0.9774999999999999
fpd: 0.9450000000000001
fs: 0.9924999999999999
fTempO: 0.9649999999999999
p: 0.99

