ratio: 0.85
avg: 0.9725000000000001  with len=7
apd: 0.935
as: 1.0
aTempO: 0.98
fpd: 0.9450000000000001
fs: 0.9950000000000001
fTempO: 0.9624999999999999
p: 0.99

