ratio: 0.35
avg: 0.9807142857142858  with len=7
apd: 0.9650000000000001
as: 1.0
aTempO: 0.9875
fpd: 0.9624999999999999
fs: 0.9950000000000001
fTempO: 0.98
p: 0.9750000000000001

