ratio: 0.65
avg: -4999.5142857142855  with len=7
apd: -4999.535
as: -4999.5
aTempO: -4999.51
fpd: -4999.527499999999
fs: -4999.5025
fTempO: -4999.52
p: -4999.505

