ratio: 0.65
avg: 0.9775  with len=7
apd: 0.96
as: 1.0
aTempO: 0.9850000000000001
fpd: 0.9624999999999999
fs: 0.9924999999999999
fTempO: 0.9774999999999999
p: 0.9650000000000001

