ratio: 0.65
avg: 0.9735714285714286  with len=7
apd: 0.94
as: 1.0
aTempO: 0.98
fpd: 0.9450000000000001
fs: 0.9950000000000001
fTempO: 0.96
p: 0.9950000000000001

