ratio: 0.5
avg: 0.9803571428571428  with len=7
apd: 0.965
as: 1.0
aTempO: 0.9875
fpd: 0.9649999999999999
fs: 0.9950000000000001
fTempO: 0.98
p: 0.97

