avg: 0.9832142857142857
apd: 0.975
as: 1.0
aTempO: 0.9875
fpd: 0.96
fs: 0.99
fTempO: 0.975
p: 0.9950000000000001

