ratio: 0.65
avg: 0.9696428571428573  with len=7
apd: 0.9450000000000001
as: 0.9975
aTempO: 0.98
fpd: 0.9199999999999999
fs: 0.9950000000000001
fTempO: 0.95
p: 1.0

