ratio: 0.5
avg: 0.9717857142857144  with len=7
apd: 0.9649999999999999
as: 0.9975
aTempO: 0.9774999999999999
fpd: 0.9199999999999999
fs: 0.9950000000000001
fTempO: 0.9475
p: 1.0

