ratio: 0.15
avg: 0.9685714285714285  with len=7
apd: 0.9450000000000001
as: 1.0
aTempO: 0.98
fpd: 0.9199999999999999
fs: 0.9950000000000001
fTempO: 0.94
p: 1.0

