ratio: 0.35
avg: 0.9792857142857143  with len=7
apd: 0.97
as: 0.9975
aTempO: 0.99
fpd: 0.9525
fs: 0.9950000000000001
fTempO: 0.96
p: 0.99

