ratio: 0.85
avg: -4999.515714285714  with len=7
apd: -4999.5275
as: -4999.5
aTempO: -4999.51
fpd: -4999.54
fs: -4999.5025000000005
fTempO: -4999.53
p: -4999.5

