ratio: 0.15
avg: 0.9382142857142856  with len=7
apd: 0.97
as: 0.7475
aTempO: 0.98
fpd: 0.9175
fs: 0.9950000000000001
fTempO: 0.9575
p: 1.0

