ratio: 0.5
avg: 0.9692857142857143  with len=7
apd: 0.9475
as: 0.9975
aTempO: 0.98
fpd: 0.9199999999999999
fs: 0.9950000000000001
fTempO: 0.9450000000000001
p: 1.0

