ratio: 0.65
avg: 0.977857142857143  with len=7
apd: 0.965
as: 0.9975
aTempO: 0.9875
fpd: 0.95
fs: 0.9950000000000001
fTempO: 0.95
p: 1.0

