ratio: 0.85
avg: 0.9757142857142858  with len=7
apd: 0.97
as: 0.9975
aTempO: 0.9875
fpd: 0.9475
fs: 0.9950000000000001
fTempO: 0.9424999999999999
p: 0.99

