ratio: 0.5
avg: -4999.515714285714  with len=7
apd: -4999.527499999999
as: -4999.5
aTempO: -4999.51
fpd: -4999.539999999999
fs: -4999.5025
fTempO: -4999.53
p: -4999.5

