ratio: 0.85
avg: 0.9717857142857141  with len=7
apd: 0.97
as: 0.9975
aTempO: 0.9774999999999999
fpd: 0.9199999999999999
fs: 0.9950000000000001
fTempO: 0.9424999999999999
p: 1.0

