ratio: 0.35
avg: 0.9685714285714286  with len=7
apd: 0.9450000000000001
as: 0.9975
aTempO: 0.98
fpd: 0.9199999999999999
fs: 0.9950000000000001
fTempO: 0.9425000000000001
p: 1.0

