avg: 0.9810714285714287
apd: 0.97
as: 0.9975
aTempO: 0.99
fpd: 0.9550000000000001
fs: 0.9950000000000001
fTempO: 0.96
p: 1.0

