ratio: 0.65
avg: 0.9833928571428572  with len=7
apd: 0.97875
as: 1.0
aTempO: 0.99125
fpd: 0.9500000000000001
fs: 0.9900000000000002
fTempO: 0.9737499999999999
p: 1.0

