ratio: 0.35
avg: 0.9823214285714288  with len=7
apd: 0.9800000000000002
as: 0.99875
aTempO: 0.9900000000000001
fpd: 0.9500000000000001
fs: 0.9900000000000002
fTempO: 0.9674999999999999
p: 1.0

