ratio: 0.5
avg: 0.9832142857142857  with len=7
apd: 0.97875
as: 0.99875
aTempO: 0.99
fpd: 0.9500000000000001
fs: 0.9900000000000002
fTempO: 0.9750000000000001
p: 1.0

