ratio: 0.35
avg: 0.9835714285714287  with len=7
apd: 0.9825000000000002
as: 0.9875
aTempO: 0.99375
fpd: 0.9500000000000001
fs: 0.9900000000000002
fTempO: 0.98125
p: 1.0

