ratio: 0.65
avg: 0.984107142857143  with len=7
apd: 0.9850000000000001
as: 0.99875
aTempO: 0.9937500000000001
fpd: 0.9500000000000001
fs: 0.9900000000000002
fTempO: 0.9712500000000001
p: 1.0

