ratio: 0.15
avg: 0.9832142857142857  with len=7
apd: 0.9800000000000002
as: 1.0
aTempO: 0.9900000000000001
fpd: 0.9500000000000001
fs: 0.9900000000000002
fTempO: 0.9724999999999999
p: 1.0

