ratio: 0.5
avg: 0.9848214285714286  with len=7
apd: 0.9862500000000001
as: 0.99625
aTempO: 0.9937500000000001
fpd: 0.9500000000000001
fs: 0.9900000000000002
fTempO: 0.9775
p: 1.0

