ratio: 0.65
avg: -4999.508392857143  with len=7
apd: -4999.51
as: -4999.5
aTempO: -4999.504999999999
fpd: -4999.525
fs: -4999.505
fTempO: -4999.51375
p: -4999.5

