ratio: 0.15
avg: 0.9144642857142858  with len=7
apd: 0.9850000000000001
as: 0.5
aTempO: 0.9950000000000001
fpd: 0.9500000000000001
fs: 0.9900000000000002
fTempO: 0.9812500000000001
p: 1.0

