ratio: 0.35
avg: -4999.508392857143  with len=7
apd: -4999.509999999999
as: -4999.5
aTempO: -4999.505
fpd: -4999.525
fs: -4999.505
fTempO: -4999.51375
p: -4999.5

