ratio: 0.85
avg: 0.982857142857143  with len=7
apd: 0.9850000000000001
as: 0.99875
aTempO: 0.9925
fpd: 0.9500000000000001
fs: 0.9900000000000002
fTempO: 0.9637500000000001
p: 1.0

