ratio: 0.85
avg: 0.9830357142857143  with len=7
apd: 0.9800000000000002
as: 1.0
aTempO: 0.99
fpd: 0.9500000000000001
fs: 0.9900000000000002
fTempO: 0.9712500000000001
p: 1.0

