ratio: 0.85
avg: 0.9782142857142857  with len=7
apd: 0.975
as: 1.0
aTempO: 0.98
fpd: 0.96
fs: 0.9950000000000001
fTempO: 0.9575
p: 0.98

