ratio: 0.35
avg: 0.9846428571428572  with len=7
apd: 0.98
as: 1.0
aTempO: 0.99
fpd: 0.9724999999999999
fs: 0.9950000000000001
fTempO: 0.985
p: 0.97

