ratio: 0.5
avg: 0.9853571428571428  with len=7
apd: 0.98
as: 1.0
aTempO: 0.9924999999999999
fpd: 0.97
fs: 0.9950000000000001
fTempO: 0.985
p: 0.9749999999999999

