ratio: 0.85
avg: 0.9828571428571429  with len=7
apd: 0.98
as: 1.0
aTempO: 0.9924999999999999
fpd: 0.97
fs: 0.9950000000000001
fTempO: 0.9724999999999999
p: 0.97

