ratio: 0.65
avg: 0.9789285714285713  with len=7
apd: 0.9774999999999999
as: 1.0
aTempO: 0.98
fpd: 0.96
fs: 0.9950000000000001
fTempO: 0.96
p: 0.98

