ratio: 0.15
avg: 0.9785714285714285  with len=7
apd: 0.9749999999999999
as: 1.0
aTempO: 0.98
fpd: 0.96
fs: 0.9950000000000001
fTempO: 0.96
p: 0.98

