ratio: 0.65
avg: 0.9782142857142857  with len=7
apd: 0.97
as: 1.0
aTempO: 0.9724999999999999
fpd: 0.96
fs: 0.9950000000000001
fTempO: 0.97
p: 0.98

