ratio: 0.5
avg: 0.9464285714285714  with len=7
apd: 0.935
as: 0.995
aTempO: 0.98
fpd: 0.8300000000000001
fs: 0.94
fTempO: 0.945
p: 1.0

