ratio: 0.65
avg: 0.9407142857142857  with len=7
apd: 0.935
as: 0.995
aTempO: 0.98
fpd: 0.8
fs: 0.9299999999999999
fTempO: 0.945
p: 1.0

