ratio: 0.15
avg: 0.9128571428571429  with len=7
apd: 0.94
as: 1.0
aTempO: 0.98
fpd: 0.825
fs: 0.7050000000000001
fTempO: 0.94
p: 1.0

