ratio: 0.85
avg: 0.9335714285714286  with len=7
apd: 0.935
as: 0.995
aTempO: 0.98
fpd: 0.7749999999999999
fs: 0.905
fTempO: 0.945
p: 1.0

