ratio: 0.85
avg: 0.8614285714285713  with len=7
apd: 0.96
as: 0.99
aTempO: 0.98
fpd: 0.47
fs: 0.73
fTempO: 0.935
p: 0.9650000000000001

