ratio: 0.65
avg: 0.8578571428571428  with len=7
apd: 0.95
as: 0.9550000000000001
aTempO: 0.97
fpd: 0.46
fs: 0.73
fTempO: 0.94
p: 1.0

