ratio: 0.85
avg: 0.9707142857142858  with len=7
apd: 0.96
as: 1.0
aTempO: 0.98
fpd: 0.9299999999999999
fs: 0.985
fTempO: 0.96
p: 0.98

