ratio: 0.5
avg: -4999.508392857143  with len=7
apd: -4999.5125
as: -4999.5
aTempO: -4999.50625
fpd: -4999.5199999999995
fs: -4999.505
fTempO: -4999.5125
p: -4999.5025

