ratio: 0.35
avg: 0.9855357142857144  with len=7
apd: 0.9837500000000001
as: 0.995
aTempO: 0.9925
fpd: 0.9600000000000002
fs: 0.98875
fTempO: 0.9837500000000001
p: 0.9950000000000001

