ratio: 0.35
avg: 0.9837500000000002  with len=7
apd: 0.9775
as: 1.0
aTempO: 0.98875
fpd: 0.9600000000000002
fs: 0.98875
fTempO: 0.9762500000000001
p: 0.9950000000000001

