ratio: 0.15
avg: 0.9148214285714286  with len=7
apd: 0.9850000000000001
as: 0.5
aTempO: 0.9925
fpd: 0.9600000000000002
fs: 0.98875
fTempO: 0.9825000000000002
p: 0.9950000000000001

