ratio: 0.85
avg: -4999.508392857142  with len=7
apd: -4999.512500000001
as: -4999.5
aTempO: -4999.506249999999
fpd: -4999.52
fs: -4999.504999999999
fTempO: -4999.5125
p: -4999.5025000000005

