ratio: 0.65
avg: 0.9835714285714287  with len=7
apd: 0.9762500000000001
as: 1.0
aTempO: 0.98875
fpd: 0.9600000000000002
fs: 0.98875
fTempO: 0.9762500000000001
p: 0.9950000000000001

