ratio: 0.5
avg: 0.9850000000000001  with len=7
apd: 0.9825000000000002
as: 0.99875
aTempO: 0.9912500000000001
fpd: 0.9600000000000002
fs: 0.98875
fTempO: 0.97875
p: 0.9950000000000001

