ratio: 0.85
avg: 0.981607142857143  with len=7
apd: 0.9850000000000001
as: 1.0
aTempO: 0.985
fpd: 0.9600000000000002
fs: 0.98875
fTempO: 0.9575
p: 0.9950000000000001

