ratio: 0.15
avg: 0.9832142857142859  with len=7
apd: 0.9750000000000001
as: 1.0
aTempO: 0.9875
fpd: 0.9600000000000002
fs: 0.9900000000000001
fTempO: 0.9750000000000001
p: 0.9950000000000001

