ratio: 0.85
avg: 0.9839285714285715  with len=7
apd: 0.9762500000000001
as: 1.0
aTempO: 0.9900000000000001
fpd: 0.95875
fs: 0.9875
fTempO: 0.98
p: 0.9950000000000001

