ratio: 0.35
avg: 0.9837500000000002  with len=7
apd: 0.9800000000000002
as: 1.0
aTempO: 0.9887500000000001
fpd: 0.9600000000000002
fs: 0.9887500000000001
fTempO: 0.9737500000000001
p: 0.9950000000000001

