ratio: 0.65
avg: 0.9603571428571428  with len=7
apd: 0.94
as: 1.0
aTempO: 0.98
fpd: 0.8899999999999999
fs: 0.98
fTempO: 0.9424999999999999
p: 0.99

