ratio: 0.5
avg: 0.9599999999999999  with len=7
apd: 0.955
as: 0.99
aTempO: 0.9749999999999999
fpd: 0.8899999999999999
fs: 0.98
fTempO: 0.95
p: 0.98

