ratio: 0.85
avg: 0.9607142857142856  with len=7
apd: 0.9375
as: 1.0
aTempO: 0.98
fpd: 0.8899999999999999
fs: 0.98
fTempO: 0.9475
p: 0.99

