ratio: 0.65
avg: 0.9585714285714284  with len=7
apd: 0.93
as: 1.0
aTempO: 0.98
fpd: 0.8899999999999999
fs: 0.98
fTempO: 0.9475
p: 0.9825

