ratio: 0.35
avg: -4999.521071428571  with len=7
apd: -4999.535
as: -4999.5
aTempO: -4999.51
fpd: -4999.554999999999
fs: -4999.51
fTempO: -4999.527499999999
p: -4999.51

