ratio: 0.35
avg: 0.9625  with len=7
apd: 0.9550000000000001
as: 0.995
aTempO: 0.9749999999999999
fpd: 0.8899999999999999
fs: 0.98
fTempO: 0.96
p: 0.9825

