ratio: 0.15
avg: 0.8982142857142856  with len=7
apd: 0.955
as: 0.5425
aTempO: 0.98
fpd: 0.8899999999999999
fs: 0.98
fTempO: 0.9575
p: 0.9825

