ratio: 0.85
avg: 0.954642857142857  with len=7
apd: 0.9549999999999998
as: 0.9775
aTempO: 0.9675
fpd: 0.8899999999999999
fs: 0.98
fTempO: 0.9325
p: 0.98

