ratio: 0.85
avg: 0.964642857142857  with len=7
apd: 0.96
as: 1.0
aTempO: 0.9850000000000001
fpd: 0.915
fs: 0.98
fTempO: 0.9425
p: 0.97

