ratio: 0.35
avg: 0.9685714285714286  with len=7
apd: 0.9650000000000001
as: 1.0
aTempO: 0.9850000000000001
fpd: 0.9225
fs: 0.98
fTempO: 0.9575
p: 0.97

