ratio: 0.5
avg: 0.9592857142857143  with len=7
apd: 0.94
as: 0.9975
aTempO: 0.9774999999999999
fpd: 0.8899999999999999
fs: 0.98
fTempO: 0.9375
p: 0.9924999999999999

