ratio: 0.65
avg: 0.9582142857142857  with len=7
apd: 0.95
as: 0.99
aTempO: 0.9724999999999999
fpd: 0.8899999999999999
fs: 0.98
fTempO: 0.9450000000000001
p: 0.98

