avg: 0.9692857142857143
apd: 0.96
as: 1.0
aTempO: 0.9875
fpd: 0.9199999999999999
fs: 0.98
fTempO: 0.9575
p: 0.98

