ratio: 0.15
avg: 0.9249999999999999  with len=7
apd: 0.95
as: 1.0
aTempO: 0.98
fpd: 0.9199999999999999
fs: 0.6849999999999999
fTempO: 0.96
p: 0.98

