ratio: 0.85
avg: 0.9775  with len=7
apd: 0.9800000000000002
as: 1.0
aTempO: 0.9887500000000001
fpd: 0.92
fs: 0.9800000000000002
fTempO: 0.9737499999999999
p: 1.0

