ratio: 0.35
avg: 0.9785714285714286  with len=7
apd: 0.9825000000000002
as: 0.9924999999999999
aTempO: 0.99375
fpd: 0.92
fs: 0.9800000000000002
fTempO: 0.9812500000000001
p: 1.0

