ratio: 0.15
avg: -4999.5112500000005  with len=7
apd: -4999.509999999999
as: -4999.5
aTempO: -4999.505
fpd: -4999.540000000001
fs: -4999.509999999999
fTempO: -4999.51375
p: -4999.5

