ratio: 0.85
avg: -4999.5112500000005  with len=7
apd: -4999.51
as: -4999.5
aTempO: -4999.504999999999
fpd: -4999.540000000001
fs: -4999.51
fTempO: -4999.51375
p: -4999.5

