ratio: 0.5
avg: 0.9789285714285715  with len=7
apd: 0.9875
as: 0.9975
aTempO: 0.9925
fpd: 0.92
fs: 0.9800000000000002
fTempO: 0.975
p: 1.0

