ratio: 0.65
avg: 0.9780357142857143  with len=7
apd: 0.97875
as: 1.0
aTempO: 0.9912500000000001
fpd: 0.92
fs: 0.9800000000000002
fTempO: 0.97625
p: 1.0

