ratio: 0.5
avg: 0.9782142857142857  with len=7
apd: 0.97875
as: 1.0
aTempO: 0.9925
fpd: 0.92
fs: 0.9800000000000002
fTempO: 0.97625
p: 1.0

