ratio: 0.15
avg: 0.9267857142857144  with len=7
apd: 0.9850000000000001
as: 0.625
aTempO: 0.9950000000000001
fpd: 0.92
fs: 0.9800000000000002
fTempO: 0.9825
p: 1.0

