ratio: 0.85
avg: 0.9764285714285714  with len=7
apd: 0.9850000000000001
as: 1.0
aTempO: 0.99
fpd: 0.92
fs: 0.9800000000000002
fTempO: 0.9600000000000001
p: 1.0

