ratio: 0.65
avg: 0.9780357142857143  with len=7
apd: 0.9850000000000001
as: 0.99875
aTempO: 0.9937500000000001
fpd: 0.92
fs: 0.9800000000000002
fTempO: 0.96875
p: 1.0

