ratio: 0.35
avg: 0.9769642857142857  with len=7
apd: 0.9800000000000002
as: 1.0
aTempO: 0.9900000000000001
fpd: 0.92
fs: 0.9800000000000002
fTempO: 0.96875
p: 1.0

