ratio: 0.35
avg: 0.9792857142857143  with len=7
apd: 0.9749999999999999
as: 1.0
aTempO: 0.98
fpd: 0.965
fs: 0.9950000000000001
fTempO: 0.96
p: 0.98

