ratio: 0.35
avg: 0.9842857142857142  with len=7
apd: 0.98
as: 1.0
aTempO: 0.99
fpd: 0.9750000000000001
fs: 0.9950000000000001
fTempO: 0.98
p: 0.97

