ratio: 0.35
avg: 0.977857142857143  with len=7
apd: 0.97
as: 1.0
aTempO: 0.9724999999999999
fpd: 0.965
fs: 0.9950000000000001
fTempO: 0.9624999999999999
p: 0.98

