ratio: 0.5
avg: 0.9817857142857143  with len=7
apd: 0.985
as: 1.0
aTempO: 0.98
fpd: 0.965
fs: 0.9950000000000001
fTempO: 0.9524999999999999
p: 0.9950000000000001

