ratio: 0.85
avg: 0.9771428571428571  with len=7
apd: 0.97
as: 1.0
aTempO: 0.97
fpd: 0.965
fs: 0.9950000000000001
fTempO: 0.96
p: 0.98

