ratio: 0.85
avg: 0.9825  with len=7
apd: 0.98
as: 1.0
aTempO: 0.9875
fpd: 0.9724999999999999
fs: 0.9950000000000001
fTempO: 0.9724999999999999
p: 0.97

