ratio: 0.35
avg: 0.9574999999999999  with len=7
apd: 0.94
as: 1.0
aTempO: 0.98
fpd: 0.865
fs: 0.97
fTempO: 0.9474999999999999
p: 1.0

