ratio: 0.5
avg: 0.9578571428571429  with len=7
apd: 0.9450000000000001
as: 1.0
aTempO: 0.98
fpd: 0.865
fs: 0.97
fTempO: 0.9450000000000001
p: 1.0

