ratio: 0.65
avg: 0.9671428571428572  with len=7
apd: 0.9674999999999999
as: 1.0
aTempO: 0.9875
fpd: 0.8949999999999999
fs: 0.97
fTempO: 0.95
p: 1.0

