ratio: 0.15
avg: 0.9635714285714284  with len=7
apd: 0.9675
as: 1.0
aTempO: 0.98
fpd: 0.865
fs: 0.97
fTempO: 0.9624999999999999
p: 1.0

