ratio: 0.35
avg: 0.9678571428571429  with len=7
apd: 0.97
as: 0.9975
aTempO: 0.9875
fpd: 0.9
fs: 0.97
fTempO: 0.9550000000000001
p: 0.995

