ratio: 0.35
avg: 0.9617857142857142  with len=7
apd: 0.9624999999999999
as: 0.9924999999999999
aTempO: 0.98
fpd: 0.865
fs: 0.97
fTempO: 0.9624999999999999
p: 1.0

