ratio: 0.5
avg: 0.9621428571428571  with len=7
apd: 0.9624999999999999
as: 0.9975
aTempO: 0.98
fpd: 0.865
fs: 0.97
fTempO: 0.96
p: 1.0

