ratio: 0.15
avg: -4999.521785714285  with len=7
apd: -4999.53
as: -4999.5
aTempO: -4999.51
fpd: -4999.567499999999
fs: -4999.515
fTempO: -4999.53
p: -4999.5

