ratio: 0.65
avg: 0.9571428571428572  with len=7
apd: 0.94
as: 1.0
aTempO: 0.98
fpd: 0.865
fs: 0.9675
fTempO: 0.9474999999999999
p: 1.0

