ratio: 0.65
avg: 0.9610714285714286  with len=7
apd: 0.9625
as: 0.9975
aTempO: 0.9775
fpd: 0.865
fs: 0.97
fTempO: 0.9550000000000001
p: 1.0

