ratio: 0.85
avg: 0.9646428571428572  with len=7
apd: 0.9650000000000001
as: 1.0
aTempO: 0.9850000000000001
fpd: 0.895
fs: 0.97
fTempO: 0.9475
p: 0.99

