ratio: 0.85
avg: 0.9610714285714286  with len=7
apd: 0.9650000000000001
as: 1.0
aTempO: 0.9775
fpd: 0.865
fs: 0.97
fTempO: 0.95
p: 1.0

