avg: 0.9689285714285714
apd: 0.97
as: 1.0
aTempO: 0.9875
fpd: 0.8999999999999999
fs: 0.97
fTempO: 0.9550000000000001
p: 1.0

