ratio: 0.5
avg: 0.982857142857143  with len=7
apd: 0.9749999999999999
as: 1.0
aTempO: 0.9825
fpd: 0.965
fs: 0.9950000000000001
fTempO: 0.9624999999999999
p: 1.0

