ratio: 0.35
avg: 0.9789285714285713  with len=7
apd: 0.97
as: 1.0
aTempO: 0.975
fpd: 0.965
fs: 0.9950000000000001
fTempO: 0.9675
p: 0.98

