ratio: 0.5
avg: -4999.510714285714  with len=7
apd: -4999.514999999999
as: -4999.5
aTempO: -4999.51
fpd: -4999.517500000001
fs: -4999.5025
fTempO: -4999.52
p: -4999.51

