ratio: 0.65
avg: 0.9814285714285714  with len=7
apd: 0.97
as: 1.0
aTempO: 0.98
fpd: 0.9600000000000001
fs: 0.9950000000000001
fTempO: 0.9649999999999999
p: 1.0

