ratio: 0.15
avg: 0.9764285714285713  with len=7
apd: 0.96
as: 1.0
aTempO: 0.98
fpd: 0.9600000000000001
fs: 0.9950000000000001
fTempO: 0.96
p: 0.98

