ratio: 0.5
avg: 0.9807142857142858  with len=7
apd: 0.9749999999999999
as: 1.0
aTempO: 0.9825
fpd: 0.9550000000000001
fs: 0.9924999999999999
fTempO: 0.96
p: 1.0

