ratio: 0.5
avg: 0.9782142857142857  with len=7
apd: 0.97
as: 1.0
aTempO: 0.98
fpd: 0.9550000000000001
fs: 0.9925
fTempO: 0.96
p: 0.99

