ratio: 0.35
avg: 0.9846428571428572  with len=7
apd: 0.98
as: 1.0
aTempO: 0.99
fpd: 0.9725
fs: 0.9925
fTempO: 0.9824999999999999
p: 0.9750000000000001

