ratio: 0.35
avg: 0.9778571428571429  with len=7
apd: 0.96
as: 1.0
aTempO: 0.9774999999999999
fpd: 0.9550000000000001
fs: 0.9925
fTempO: 0.97
p: 0.99

