ratio: 0.85
avg: 0.9824999999999999  with len=7
apd: 0.98
as: 1.0
aTempO: 0.9924999999999999
fpd: 0.9675
fs: 0.9925
fTempO: 0.97
p: 0.975

