ratio: 0.65
avg: 0.9832142857142856  with len=7
apd: 0.975
as: 1.0
aTempO: 0.99
fpd: 0.9724999999999999
fs: 0.9925
fTempO: 0.9775
p: 0.9749999999999999

