ratio: 0.85
avg: 0.9785714285714285  with len=7
apd: 0.975
as: 1.0
aTempO: 0.98
fpd: 0.9550000000000001
fs: 0.9925
fTempO: 0.9575
p: 0.99

