ratio: 0.15
avg: 0.9771428571428572  with len=7
apd: 0.96
as: 1.0
aTempO: 0.98
fpd: 0.9550000000000001
fs: 0.9950000000000001
fTempO: 0.96
p: 0.99

