ratio: 0.65
avg: 0.9500000000000001  with len=7
apd: 0.93
as: 1.0
aTempO: 0.98
fpd: 0.86
fs: 0.9550000000000001
fTempO: 0.945
p: 0.98

