ratio: 0.5
avg: 0.9578571428571429  with len=7
apd: 0.93
as: 1.0
aTempO: 0.98
fpd: 0.8899999999999999
fs: 0.98
fTempO: 0.945
p: 0.98

