ratio: 0.85
avg: 0.9749999999999999  with len=7
apd: 0.96
as: 1.0
aTempO: 0.98
fpd: 0.9550000000000001
fs: 0.99
fTempO: 0.96
p: 0.98

