ratio: 0.65
avg: 0.9757142857142858  with len=7
apd: 0.96
as: 1.0
aTempO: 0.98
fpd: 0.9550000000000001
fs: 0.995
fTempO: 0.96
p: 0.98

