ratio: 0.5
avg: 0.9705357142857144  with len=7
apd: 0.9699999999999999
as: 0.9900000000000001
aTempO: 0.9875
fpd: 0.9200000000000002
fs: 0.98
fTempO: 0.96625
p: 0.9800000000000002

