ratio: 0.5
avg: 0.9696428571428574  with len=7
apd: 0.96
as: 1.0
aTempO: 0.9887500000000001
fpd: 0.9200000000000002
fs: 0.98
fTempO: 0.95875
p: 0.9800000000000002

