ratio: 0.15
avg: 0.9101785714285716  with len=7
apd: 0.9712499999999998
as: 0.55125
aTempO: 0.9925
fpd: 0.9200000000000002
fs: 0.98
fTempO: 0.97625
p: 0.9800000000000002

