ratio: 0.85
avg: 0.9619642857142858  with len=7
apd: 0.9662499999999999
as: 0.9762500000000001
aTempO: 0.9812500000000001
fpd: 0.9200000000000002
fs: 0.98
fTempO: 0.9299999999999999
p: 0.9800000000000002

