ratio: 0.65
avg: 0.9721428571428571  with len=7
apd: 0.9699999999999999
as: 1.0
aTempO: 0.9875
fpd: 0.9200000000000002
fs: 0.98
fTempO: 0.955
p: 0.9925

