ratio: 0.35
avg: 0.9726785714285714  with len=7
apd: 0.9699999999999999
as: 0.9925
aTempO: 0.9912500000000001
fpd: 0.9200000000000002
fs: 0.98
fTempO: 0.975
p: 0.9800000000000002

