ratio: 0.85
avg: 0.9705357142857144  with len=7
apd: 0.9624999999999999
as: 1.0
aTempO: 0.9900000000000001
fpd: 0.9200000000000002
fs: 0.98
fTempO: 0.96
p: 0.9812500000000002

