ratio: 0.15
avg: -4999.515357142857  with len=7
apd: -4999.52
as: -4999.5
aTempO: -4999.50625
fpd: -4999.54
fs: -4999.51
fTempO: -4999.52125
p: -4999.509999999999

