ratio: 0.65
avg: 0.9687500000000001  with len=7
apd: 0.9699999999999999
as: 0.99125
aTempO: 0.9862500000000001
fpd: 0.9200000000000002
fs: 0.98
fTempO: 0.9537500000000001
p: 0.9800000000000002

