ratio: 0.15
avg: 0.9692857142857143  with len=7
apd: 0.96
as: 1.0
aTempO: 0.9875
fpd: 0.9200000000000002
fs: 0.98
fTempO: 0.9575
p: 0.9800000000000002

