ratio: 0.85
avg: 0.9607142857142856  with len=7
apd: 0.98
as: 1.0
aTempO: 0.98
fpd: 0.895
fs: 0.97
fTempO: 0.9299999999999999
p: 0.97

