ratio: 0.15
avg: 0.8978571428571429  with len=7
apd: 0.97
as: 1.0
aTempO: 0.965
fpd: 0.95
fs: 0.49
fTempO: 0.9299999999999999
p: 0.98

