ratio: 0.85
avg: 0.9585714285714287  with len=7
apd: 0.975
as: 1.0
aTempO: 0.97
fpd: 0.87
fs: 0.97
fTempO: 0.9450000000000001
p: 0.98

