avg: 0.9757142857142858
apd: 0.97
as: 1.0
aTempO: 0.975
fpd: 0.9550000000000001
fs: 0.995
fTempO: 0.955
p: 0.98

