avg: 0.9807142857142858
apd: 0.98
as: 1.0
aTempO: 0.98
fpd: 0.9550000000000001
fs: 0.995
fTempO: 0.955
p: 1.0

