ratio: 0.85
avg: 0.9571428571428571  with len=7
apd: 0.9550000000000001
as: 1.0
aTempO: 0.985
fpd: 0.865
fs: 0.96
fTempO: 0.96
p: 0.975

