ratio: 0.15
avg: 0.9307142857142858  with len=7
apd: 0.95
as: 0.8300000000000001
aTempO: 0.97
fpd: 0.85
fs: 0.96
fTempO: 0.965
p: 0.99

