ratio: 0.35
avg: 0.9707142857142859  with len=7
apd: 0.93
as: 1.0
aTempO: 0.98
fpd: 0.9450000000000001
fs: 0.99
fTempO: 0.96
p: 0.99

