avg: 0.972857142857143
apd: 0.95
as: 1.0
aTempO: 0.98
fpd: 0.9450000000000001
fs: 0.99
fTempO: 0.955
p: 0.99

