ratio: 0.85
avg: 0.9760714285714286  with len=7
apd: 0.96
as: 1.0
aTempO: 0.9775
fpd: 0.9450000000000001
fs: 0.99
fTempO: 0.97
p: 0.99

