ratio: 0.85
avg: 0.9796428571428571  with len=7
apd: 0.9750000000000001
as: 1.0
aTempO: 0.99
fpd: 0.96
fs: 0.99
fTempO: 0.9724999999999999
p: 0.97

