ratio: 0.5
avg: 0.9771428571428572  with len=7
apd: 0.965
as: 1.0
aTempO: 0.9825
fpd: 0.9450000000000001
fs: 0.99
fTempO: 0.9624999999999999
p: 0.9950000000000001

