avg: 0.9850000000000001
apd: 0.98
as: 1.0
aTempO: 0.99
fpd: 0.96
fs: 0.99
fTempO: 0.98
p: 0.9950000000000001

