ratio: 0.35
avg: 0.9760714285714285  with len=7
apd: 0.97
as: 1.0
aTempO: 0.97
fpd: 0.955
fs: 0.995
fTempO: 0.9624999999999999
p: 0.98

