ratio: 0.15
avg: 0.9417857142857142  with len=7
apd: 0.9749999999999999
as: 0.75
aTempO: 0.9774999999999999
fpd: 0.955
fs: 0.995
fTempO: 0.96
p: 0.98

