ratio: 0.85
avg: 0.9796428571428571  with len=7
apd: 0.975
as: 1.0
aTempO: 0.9774999999999999
fpd: 0.955
fs: 0.995
fTempO: 0.96
p: 0.995

