ratio: 0.35
avg: 0.9824999999999999  with len=7
apd: 0.98
as: 1.0
aTempO: 0.9875
fpd: 0.9674999999999999
fs: 0.995
fTempO: 0.9774999999999999
p: 0.97

