ratio: 0.65
avg: 0.9810714285714285  with len=7
apd: 0.98
as: 1.0
aTempO: 0.99
fpd: 0.9650000000000001
fs: 0.995
fTempO: 0.9625
p: 0.9749999999999999

