ratio: 0.35
avg: -4999.512142857143  with len=7
apd: -4999.514999999999
as: -4999.5
aTempO: -4999.5125
fpd: -4999.5225
fs: -4999.5025000000005
fTempO: -4999.5225
p: -4999.51

