ratio: 0.85
avg: 0.9764285714285714  with len=7
apd: 0.98
as: 1.0
aTempO: 0.985
fpd: 0.9650000000000001
fs: 0.995
fTempO: 0.94
p: 0.97

