ratio: 0.35
avg: 0.9816071428571428  with len=7
apd: 0.97125
as: 0.99875
aTempO: 0.9912500000000001
fpd: 0.9537499999999999
fs: 0.9950000000000001
fTempO: 0.9612499999999999
p: 1.0

