ratio: 0.35
avg: 0.9832142857142856  with len=7
apd: 0.9762500000000001
as: 0.995
aTempO: 0.9925
fpd: 0.9537499999999999
fs: 0.9950000000000001
fTempO: 0.97
p: 1.0

