ratio: 0.85
avg: 0.9819642857142857  with len=7
apd: 0.9825000000000002
as: 0.9975
aTempO: 0.99
fpd: 0.9537499999999999
fs: 0.9950000000000001
fTempO: 0.9550000000000001
p: 1.0

