ratio: 0.65
avg: 0.9819642857142856  with len=7
apd: 0.98
as: 0.9975
aTempO: 0.99
fpd: 0.9537499999999999
fs: 0.9950000000000001
fTempO: 0.9574999999999999
p: 1.0

