ratio: 0.15
avg: -4999.509464285715  with len=7
apd: -4999.514999999999
as: -4999.50125
aTempO: -4999.505
fpd: -4999.5225
fs: -4999.5025
fTempO: -4999.5199999999995
p: -4999.5

