ratio: 0.15
avg: 0.9810714285714285  with len=7
apd: 0.97
as: 0.9975
aTempO: 0.9900000000000001
fpd: 0.9549999999999998
fs: 0.9950000000000001
fTempO: 0.96
p: 1.0

