ratio: 0.15
avg: 0.9498214285714287  with len=7
apd: 0.9825000000000002
as: 0.74875
aTempO: 0.9950000000000001
fpd: 0.9537499999999999
fs: 0.9950000000000001
fTempO: 0.97375
p: 1.0

