ratio: 0.65
avg: 0.9808928571428571  with len=7
apd: 0.9699999999999999
as: 0.99875
aTempO: 0.98875
fpd: 0.9537499999999999
fs: 0.9950000000000001
fTempO: 0.96
p: 1.0

