ratio: 0.35
avg: 0.9814285714285714  with len=7
apd: 0.9750000000000001
as: 0.99875
aTempO: 0.9900000000000001
fpd: 0.9549999999999998
fs: 0.9950000000000001
fTempO: 0.95625
p: 1.0

