ratio: 0.5
avg: 0.9832142857142857  with len=7
apd: 0.97875
as: 0.9975
aTempO: 0.9925
fpd: 0.9537499999999999
fs: 0.9950000000000001
fTempO: 0.965
p: 1.0

