ratio: 0.85
avg: 0.9771428571428571  with len=7
apd: 0.96
as: 1.0
aTempO: 0.9675
fpd: 0.9749999999999999
fs: 1.0
fTempO: 0.9575
p: 0.98

