ratio: 0.35
avg: 0.987857142857143  with len=7
apd: 0.98
as: 1.0
aTempO: 0.995
fpd: 0.98
fs: 0.9950000000000001
fTempO: 0.985
p: 0.98

