ratio: 0.15
avg: 0.9453571428571428  with len=7
apd: 0.9749999999999999
as: 0.75
aTempO: 0.98
fpd: 0.9749999999999999
fs: 1.0
fTempO: 0.9575
p: 0.98

