ratio: 0.5
avg: 0.9835714285714285  with len=7
apd: 0.9749999999999999
as: 1.0
aTempO: 0.98
fpd: 0.9749999999999999
fs: 1.0
fTempO: 0.9550000000000001
p: 1.0

