ratio: 0.5
avg: 0.9792857142857143  with len=7
apd: 0.96
as: 1.0
aTempO: 0.9725
fpd: 0.9749999999999999
fs: 1.0
fTempO: 0.9675
p: 0.98

