ratio: 0.65
avg: 0.985  with len=7
apd: 0.975
as: 1.0
aTempO: 0.9924999999999999
fpd: 0.98
fs: 1.0
fTempO: 0.9725
p: 0.9749999999999999

