ratio: 0.65
avg: 0.9796428571428571  with len=7
apd: 0.96
as: 1.0
aTempO: 0.9774999999999999
fpd: 0.9749999999999999
fs: 1.0
fTempO: 0.9649999999999999
p: 0.98

