ratio: 0.65
avg: 0.9839285714285714  with len=7
apd: 0.97
as: 1.0
aTempO: 0.98
fpd: 0.9749999999999999
fs: 1.0
fTempO: 0.9624999999999999
p: 1.0

