ratio: 0.85
avg: 0.9839285714285715  with len=7
apd: 0.975
as: 1.0
aTempO: 0.98
fpd: 0.9749999999999999
fs: 1.0
fTempO: 0.9624999999999999
p: 0.995

