ratio: 0.35
avg: 0.9242857142857142  with len=7
apd: 0.975
as: 1.0
aTempO: 0.99
fpd: 0.6799999999999999
fs: 0.89
fTempO: 0.975
p: 0.96

