ratio: 0.85
avg: 0.9185714285714285  with len=7
apd: 0.97
as: 1.0
aTempO: 0.985
fpd: 0.675
fs: 0.89
fTempO: 0.965
p: 0.9450000000000001

