ratio: 0.65
avg: 0.922142857142857  with len=7
apd: 0.97
as: 1.0
aTempO: 0.99
fpd: 0.6799999999999999
fs: 0.89
fTempO: 0.965
p: 0.96

