ratio: 0.85
avg: 0.9485714285714285  with len=7
apd: 0.98
as: 1.0
aTempO: 0.99
fpd: 0.815
fs: 0.94
fTempO: 0.9450000000000001
p: 0.97

