ratio: 0.35
avg: 0.9550000000000001  with len=7
apd: 0.98
as: 1.0
aTempO: 0.99
fpd: 0.8200000000000001
fs: 0.94
fTempO: 0.98
p: 0.975

