ratio: 0.65
avg: 0.9810714285714287  with len=7
apd: 0.97
as: 1.0
aTempO: 0.9774999999999999
fpd: 0.965
fs: 0.9975
fTempO: 0.9675
p: 0.99

