ratio: 0.5
avg: 0.9871428571428572  with len=7
apd: 0.98
as: 1.0
aTempO: 0.99
fpd: 0.9749999999999999
fs: 1.0
fTempO: 0.985
p: 0.98

