ratio: 0.85
avg: 0.9842857142857142  with len=7
apd: 0.98
as: 1.0
aTempO: 0.9924999999999999
fpd: 0.975
fs: 1.0
fTempO: 0.9725
p: 0.97

