ratio: 0.35
avg: 0.9814285714285714  with len=7
apd: 0.9749999999999999
as: 1.0
aTempO: 0.98
fpd: 0.965
fs: 1.0
fTempO: 0.96
p: 0.99

