ratio: 0.65
avg: -4999.509642857142  with len=7
apd: -4999.514999999999
as: -4999.5
aTempO: -4999.51
fpd: -4999.5175
fs: -4999.5
fTempO: -4999.52
p: -4999.505

